% god. mj. dan. sat. NE  NW
 2003  4 27  0 -2.5434 -2.4732
 2003  4 27  1 -2.0286 -4.9070
 2003  4 27  2 -1.9415 -8.5010
 2003  4 27  3 -3.0691 -12.8742
 2003  4 27  4 -2.0176 -13.5000
 2003  4 27  5 -2.8070 -12.4201
 2003  4 27  6  1.5025 -11.5916
 2003  4 27  7  4.7299 -5.7898
 2003  4 27  8  2.6610 -2.8364
 2003  4 27  9 -2.1306 -1.5509
 2003  4 27 10 -5.9731 -5.6506
 2003  4 27 11 -0.5997 -6.4097
 2003  4 27 12 -2.3322 -5.8236
 2003  4 27 13 -2.0021 -6.9286
 2003  4 27 14 -5.5725 -12.0559
 2003  4 27 15 -6.0329 -14.4608
 2003  4 27 16 -7.0196 -15.0318
 2003  4 27 17 -8.9644 -13.9258
 2003  4 27 18 -7.5418 -10.5570
 2003  4 27 19 -6.9844 -3.6272
 2003  4 27 20 -8.9053 -2.8135
 2003  4 27 21 -7.7859 -1.2316
 2003  4 27 22 -4.3371 -0.6940
 2003  4 27 23 -0.2732 -1.9979
 2003  4 28  0  1.0168 -4.2519
 2003  4 28  1  3.6869 -5.9403
 2003  4 28  2  5.7910 -11.3871
 2003  4 28  3  8.5874 -9.6437
 2003  4 28  4  5.6759 -5.9989
 2003  4 28  5  3.7282 -3.8348
 2003  4 28  6 -1.0692 -0.2209
 2003  4 28  7 -4.2151 -0.2366
 2003  4 28  8 -2.3738  3.2170
 2003  4 28  9 -3.0345  2.5734
 2003  4 28 10 -0.4691  1.8207
 2003  4 28 11  0.0230 -2.1033
 2003  4 28 12 -0.8205 -4.9860
 2003  4 28 13 -2.4609 -8.0808
 2003  4 28 14 -0.6194 -11.5412
 2003  4 28 15 -0.6348 -12.6121
 2003  4 28 16 -0.7366 -16.3562
 2003  4 28 17  1.2872 -11.8172
 2003  4 28 18  2.4761 -7.4644
 2003  4 28 19  2.6784 -0.0306
 2003  4 28 20 -1.2620  6.9913
 2003  4 28 21 -3.6036 13.1766
 2003  4 28 22 -2.5264 14.6763
 2003  4 28 23 -2.8619 13.6291
 2003  4 29  0 -6.5797  9.9459
 2003  4 29  1 -2.7687  1.0437
 2003  4 29  2 -3.7983 -6.3474
 2003  4 29  3 -2.9786 -14.2264
 2003  4 29  4 -4.5224 -16.8717
 2003  4 29  5 -2.2656 -18.5113
 2003  4 29  6  4.0924 -17.8523
 2003  4 29  7  6.5987 -11.8565
 2003  4 29  8  8.0007 -4.9255
 2003  4 29  9  4.8654  0.7191
 2003  4 29 10  3.6307  4.0886
 2003  4 29 11  1.4725  6.6342
 2003  4 29 12 -3.8690  9.0390
 2003  4 29 13 -7.4460  6.1340
 2003  4 29 14 -8.0253  1.0141
 2003  4 29 15 -13.2724 -7.4695
 2003  4 29 16 -11.9920 -14.3268
 2003  4 29 17 -11.1407 -16.4425
 2003  4 29 18 -7.7495 -15.1806
 2003  4 29 19 -3.6704 -14.6090
 2003  4 29 20  4.5288 -11.2874
 2003  4 29 21 10.0373 -5.3253
 2003  4 29 22 11.0387  2.0085
 2003  4 29 23 17.1038  7.8177
 2003  4 30  0 13.7697 12.0730
 2003  4 30  1 11.0531 10.3866
 2003  4 30  2  6.0067  3.1424
 2003  4 30  3  2.8564 -1.4545
 2003  4 30  4 -3.6113 -4.1071
 2003  4 30  5 -8.2655 -5.7495
 2003  4 30  6 -10.2507 -6.5843
 2003  4 30  7 -8.8913 -7.9737
 2003  4 30  8 -10.8829 -4.2735
 2003  4 30  9 -8.3576 -3.9044
 2003  4 30 10 -6.2816 -4.6872
 2003  4 30 11 -3.9889 -9.8215
 2003  4 30 12  1.5879 -11.7563
 2003  4 30 13  8.2806 -16.7649
 2003  4 30 14 12.2650 -19.1911
 2003  4 30 15 14.9763 -19.3539
 2003  4 30 16 18.1151 -19.1381
 2003  4 30 17 15.4755 -14.3901
 2003  4 30 18 14.0385 -8.3740
 2003  4 30 19 11.1875  0.0949
 2003  4 30 20  7.9192  8.3424
 2003  4 30 21  7.3230 13.2173
 2003  4 30 22  6.2729 19.5864
 2003  4 30 23  1.3010 26.5590
 2003  5  1  0 -7.8442 27.8284
 2003  5  1  1 -12.6949 18.1793
 2003  5  1  2 -15.6336  7.1073
 2003  5  1  3 -18.2205 -4.5250
 2003  5  1  4 -17.9922 -15.8391
 2003  5  1  5 -12.0233 -26.7011
 2003  5  1  6 -6.5434 -31.8915
 2003  5  1  7  0.0410 -27.4063
 2003  5  1  8  7.4013 -27.0503
 2003  5  1  9 11.8387 -17.1423
 2003  5  1 10 15.0392 -6.8704
 2003  5  1 11 15.3585  1.0880
 2003  5  1 12 14.9886  6.6170
 2003  5  1 13 10.8616  8.0668
 2003  5  1 14  6.0482  6.0842
 2003  5  1 15 -1.8348  2.2368
 2003  5  1 16 -6.2036  2.9561
 2003  5  1 17 -8.6175 -0.3159
 2003  5  1 18 -13.0004 -1.3174
 2003  5  1 19 -15.2303 -5.8574
 2003  5  1 20 -16.1701 -5.9260
 2003  5  1 21 -15.9436 -4.4878
 2003  5  1 22 -12.0952 -2.0892
 2003  5  1 23 -6.7885 -4.3030
 2003  5  2  0 -1.0234 -5.3439
 2003  5  2  1  6.4462 -7.3633
 2003  5  2  2  8.0562 -7.5535
 2003  5  2  3 10.6522 -8.7048
 2003  5  2  4 12.3955 -10.5564
 2003  5  2  5 13.3605 -12.9360
 2003  5  2  6 10.1663 -12.2455
 2003  5  2  7  9.3685 -9.1223
 2003  5  2  8  7.5745 -3.2151
 2003  5  2  9  2.8616  3.2505
 2003  5  2 10 -0.7279  8.4254
 2003  5  2 11 -6.2352 10.5777
 2003  5  2 12 -11.6691  6.1171
 2003  5  2 13 -12.6319 -0.4358
 2003  5  2 14 -15.4994 -5.8635
 2003  5  2 15 -11.9970 -15.5251
 2003  5  2 16 -9.8839 -21.2437
 2003  5  2 17 -7.1105 -24.4290
 2003  5  2 18 -3.7826 -25.1247
 2003  5  2 19  4.0128 -19.4583
 2003  5  2 20  7.9923 -16.4434
 2003  5  2 21 11.5759 -9.4580
 2003  5  2 22 13.2093 -2.3874
 2003  5  2 23 12.5443  3.5363
 2003  5  3  0 10.5490 12.0537
 2003  5  3  1  7.5980  8.9389
 2003  5  3  2  4.5388 10.9096
 2003  5  3  3  1.4250 11.3440
 2003  5  3  4 -7.3705  5.8695
 2003  5  3  5 -9.9464 -4.9093
 2003  5  3  6 -14.2129 -9.5415
 2003  5  3  7 -14.1684 -15.8636
 2003  5  3  8 -14.4272 -18.2476
 2003  5  3  9 -13.4502 -16.9915
 2003  5  3 10 -10.7368 -15.3754
 2003  5  3 11 -2.4796 -12.4935
 2003  5  3 12  1.3457 -10.8767
 2003  5  3 13  4.6929 -10.9278
 2003  5  3 14  9.0239 -15.3171
 2003  5  3 15 11.9488 -21.2158
 2003  5  3 16 14.2407 -20.9293
 2003  5  3 17 16.0290 -15.9209
 2003  5  3 18 13.9519 -7.3956
 2003  5  3 19 11.4228 -2.5240
 2003  5  3 20  6.7192  3.0192
 2003  5  3 21 -0.1912  8.7387
 2003  5  3 22 -4.0599 10.5027
 2003  5  3 23 -10.5622 11.8396
 2003  5  4  0 -14.8734 12.9583
 2003  5  4  1 -15.5025  8.2575
 2003  5  4  2 -14.5181 -0.4075
 2003  5  4  3 -11.1177 -8.6430
 2003  5  4  4 -5.8288 -21.3106
 2003  5  4  5 -0.1364 -25.9218
 2003  5  4  6  4.4991 -30.2516
 2003  5  4  7  7.2344 -31.8351
 2003  5  4  8 15.1212 -32.0617
 2003  5  4  9 18.7554 -25.9613
 2003  5  4 10 18.8880 -12.5601
 2003  5  4 11 16.1536 -3.6618
 2003  5  4 12 10.6904  2.3999
 2003  5  4 13  4.5315  4.6085
 2003  5  4 14  2.5530  5.5125
 2003  5  4 15  0.7920  4.5094
 2003  5  4 16 -0.9460  0.9530
 2003  5  4 17 -3.1810 -0.6779
 2003  5  4 18 -7.3106 -6.9599
 2003  5  4 19 -10.2626 -12.1974
 2003  5  4 20 -8.0898 -16.4212
 2003  5  4 21 -5.3213 -14.7555
 2003  5  4 22 -3.3371 -15.9204
 2003  5  4 23  2.3289 -13.3198
 2003  5  5  0  8.2577 -12.9301
 2003  5  5  1 12.2294 -10.3169
 2003  5  5  2 15.6346 -6.5414
 2003  5  5  3 17.7419 -3.4111
 2003  5  5  4 12.0741  1.3075
 2003  5  5  5 11.2795 -0.0711
 2003  5  5  6  6.7731 -2.5393
 2003  5  5  7  1.6954 -3.2195
 2003  5  5  8 -1.5580 -4.8158
 2003  5  5  9 -6.1981 -6.7298
 2003  5  5 10 -6.2100 -5.0829
 2003  5  5 11 -9.6468 -7.5175
 2003  5  5 12 -9.0396 -8.0423
 2003  5  5 13 -3.9414 -11.0189
 2003  5  5 14 -1.4367 -14.2522
 2003  5  5 15  3.3029 -14.9493
 2003  5  5 16  2.5442 -19.9183
 2003  5  5 17  3.8807 -21.5402
 2003  5  5 18  9.5291 -21.6584
 2003  5  5 19 12.6410 -20.1406
 2003  5  5 20 15.9859 -14.0800
 2003  5  5 21 15.8669 -8.9133
 2003  5  5 22 11.9938 -0.7972
 2003  5  5 23  7.7665  4.0512
 2003  5  6  0  3.4659 12.3472
 2003  5  6  1 -2.6487 11.9405
 2003  5  6  2 -3.2768 10.5855
 2003  5  6  3 -5.4593  6.4180
 2003  5  6  4 -5.5902 -1.2020
 2003  5  6  5 -3.4613 -6.9659
 2003  5  6  6 -0.0502 -9.6873
 2003  5  6  7 -1.8948 -16.4358
 2003  5  6  8  2.8164 -15.7707
 2003  5  6  9  5.0938 -14.7816
 2003  5  6 10  5.1850 -13.4869
 2003  5  6 11  6.8337 -11.4305
 2003  5  6 12 11.2445 -10.6812
 2003  5  6 13 10.5833 -6.4155
 2003  5  6 14 11.2648 -4.7730
 2003  5  6 15 12.2442 -3.5802
 2003  5  6 16  9.3802 -2.4541
 2003  5  6 17  7.2428 -4.1747
 2003  5  6 18  6.1489 -5.4742
 2003  5  6 19  6.5725 -0.9303
 2003  5  6 20  5.5036 -1.3234
 2003  5  6 21  3.8149 -0.6459
 2003  5  6 22  2.3083 -0.1064
 2003  5  6 23  3.7631  0.7788
 2003  5  7  0  1.3528  3.9664
 2003  5  7  1  1.4940  3.9674
 2003  5  7  2  3.4561  1.2807
 2003  5  7  3  6.1754  1.9985
 2003  5  7  4  5.9673 -0.1038
 2003  5  7  5  8.9836 -1.0223
 2003  5  7  6 10.6221 -2.6133
 2003  5  7  7  8.4694 -4.9062
 2003  5  7  8 10.6390 -8.3088
 2003  5  7  9 12.7695 -9.4473
 2003  5  7 10 11.6412 -9.2784
 2003  5  7 11 10.8672 -8.9835
 2003  5  7 12 11.3844 -6.7556
 2003  5  7 13  7.3968 -5.1729
 2003  5  7 14  6.5947 -1.8311
 2003  5  7 15  4.1438 -3.7139
 2003  5  7 16  5.2180 -5.0780
 2003  5  7 17  0.5300 -8.0283
 2003  5  7 18  4.5104 -12.0006
 2003  5  7 19  5.3448 -12.1686
 2003  5  7 20  7.4203 -11.4839
 2003  5  7 21  8.4622 -11.1107
 2003  5  7 22  7.8510 -7.9981
 2003  5  7 23  7.8385 -4.4887
 2003  5  8  0  7.9721  0.8157
 2003  5  8  1 11.8269  3.2426
 2003  5  8  2 13.7205  2.4036
 2003  5  8  3 11.8801  5.5512
 2003  5  8  4 12.7381  4.2225
 2003  5  8  5 13.8924  7.4541
 2003  5  8  6  6.5075  8.2387
 2003  5  8  7 -0.2731  2.8396
 2003  5  8  8 -1.6232 -5.0461
 2003  5  8  9  1.1281 -8.8090
 2003  5  8 10 -0.0368 -11.8542
 2003  5  8 11 -2.0162 -14.8219
 2003  5  8 12 -2.9227 -17.0629
 2003  5  8 13 -1.1114 -17.6583
 2003  5  8 14  2.2531 -15.6927
 2003  5  8 15  2.7812 -12.8371
 2003  5  8 16  2.2050 -10.2332
 2003  5  8 17  3.2256 -7.1409
 2003  5  8 18  4.8577 -7.5754
 2003  5  8 19  6.7648 -6.9340
 2003  5  8 20  9.1821 -3.7422
 2003  5  8 21  9.0325 -3.4838
 2003  5  8 22  9.0327 -2.3740
 2003  5  8 23  3.1192 -0.0128
 2003  5  9  0  0.9644  5.9664
 2003  5  9  1 -3.7923  6.7413
 2003  5  9  2 -9.4961  6.1574
 2003  5  9  3 -10.2657  1.7530
 2003  5  9  4 -6.7624 -2.5181
 2003  5  9  5 -6.8794 -6.4544
 2003  5  9  6 -5.1317 -7.1465
 2003  5  9  7 -1.7123 -8.7367
 2003  5  9  8  1.2724 -12.7097
 2003  5  9  9  3.1174 -13.0607
 2003  5  9 10  3.6963 -14.2438
 2003  5  9 11  5.1608 -16.9731
 2003  5  9 12  9.5155 -16.2401
 2003  5  9 13  9.8981 -12.1928
 2003  5  9 14  7.2849 -9.3702
 2003  5  9 15  7.7941 -5.5317
 2003  5  9 16  6.7604 -0.4964
 2003  5  9 17  3.8819  3.4592
 2003  5  9 18  2.4844  5.3619
 2003  5  9 19 -0.7795  6.7990
 2003  5  9 20 -5.1439  2.5603
 2003  5  9 21 -4.7596  0.4554
 2003  5  9 22 -3.2832 -2.5715
 2003  5  9 23 -2.6805 -4.7684
 2003  5 10  0 -1.9751 -5.6115
 2003  5 10  1 -0.7215 -5.9111
 2003  5 10  2  0.5860 -5.1967
 2003  5 10  3  0.9416 -3.4119
 2003  5 10  4  1.9830 -0.8723
 2003  5 10  5  4.3116  0.4588
 2003  5 10  6  5.6461 -0.4597
 2003  5 10  7  5.8050  2.3675
 2003  5 10  8  7.8705  4.8262
 2003  5 10  9  5.6415  6.6664
 2003  5 10 10  3.5651  3.9133
 2003  5 10 11  1.5826  0.6227
 2003  5 10 12 -0.7306 -2.9079
 2003  5 10 13 -2.4197 -5.1326
 2003  5 10 14 -3.1976 -8.9110
 2003  5 10 15 -5.0324 -7.8232
 2003  5 10 16 -4.2144 -5.9870
 2003  5 10 17 -4.1590 -2.8497
 2003  5 10 18 -2.6347 -0.9956
 2003  5 10 19 -1.7260  1.5945
 2003  5 10 20 -0.1419  2.5954
 2003  5 10 21  2.9637  0.5725
 2003  5 10 22  6.3696 -0.2130
 2003  5 10 23  4.9767 -2.1293
 2003  5 11  0  7.3913 -0.9397
 2003  5 11  1  7.6381 -1.7451
 2003  5 11  2  7.2326  3.8416
 2003  5 11  3  6.0019  6.2848
 2003  5 11  4  0.5847  8.8612
 2003  5 11  5 -5.1022  9.9096
 2003  5 11  6 -7.2452 10.3487
 2003  5 11  7 -7.6106 10.7615
 2003  5 11  8 -9.5554  6.9084
 2003  5 11  9 -8.3777  1.9972
 2003  5 11 10 -5.3888 -4.8171
 2003  5 11 11 -3.0592 -11.4156
 2003  5 11 12 -1.2174 -13.7433
 2003  5 11 13  0.9862 -15.1721
 2003  5 11 14  3.8954 -14.9123
 2003  5 11 15  6.0307 -11.5392
 2003  5 11 16  8.2946 -7.4889
 2003  5 11 17  8.3689 -0.3755
 2003  5 11 18  5.4854  6.6181
 2003  5 11 19  1.5415 12.5145
 2003  5 11 20 -0.0558 15.6113
 2003  5 11 21 -1.6565 17.5297
 2003  5 11 22 -3.7698 16.4398
 2003  5 11 23 -4.8873 13.4680
 2003  5 12  0 -6.5209  7.4161
 2003  5 12  1 -8.7560  0.1947
 2003  5 12  2 -9.5535 -3.8813
 2003  5 12  3 -6.2851 -6.6385
 2003  5 12  4 -5.3904 -8.3280
 2003  5 12  5 -4.4687 -7.1652
 2003  5 12  6 -2.4912 -5.4967
 2003  5 12  7 -0.8038 -0.8909
 2003  5 12  8  0.5284  2.7248
 2003  5 12  9  5.7081  3.9058
 2003  5 12 10  5.6855  5.3656
 2003  5 12 11  6.6282  3.6598
 2003  5 12 12  6.4365  2.3314
 2003  5 12 13  3.8463 -0.6085
 2003  5 12 14  2.6348 -3.4208
 2003  5 12 15 -1.4427 -2.0330
 2003  5 12 16 -1.7020 -0.4354
 2003  5 12 17 -5.0897  2.9438
 2003  5 12 18 -7.1737  6.1853
 2003  5 12 19 -9.4414  9.4498
 2003  5 12 20 -8.2986 10.9754
 2003  5 12 21 -5.9377 11.5916
 2003  5 12 22 -2.2236  9.2299
 2003  5 12 23 -0.3910  4.4175
 2003  5 13  0  0.7419 -0.3743
 2003  5 13  1  2.9029 -5.7515
 2003  5 13  2  2.9564 -6.2943
 2003  5 13  3  6.1346 -5.7515
 2003  5 13  4  5.7425 -4.8941
 2003  5 13  5  4.5549 -0.9127
 2003  5 13  6  4.4559  5.1599
 2003  5 13  7  1.4098 11.6755
 2003  5 13  8 -3.1835 14.2506
 2003  5 13  9 -3.2280 13.5598
 2003  5 13 10 -3.2058  9.9647
 2003  5 13 11 -6.0280  5.0093
 2003  5 13 12 -4.9586  0.1109
 2003  5 13 13 -4.7224 -7.4742
 2003  5 13 14 -4.7679 -13.9601
 2003  5 13 15 -3.2387 -16.8727
 2003  5 13 16 -3.8400 -15.7838
 2003  5 13 17 -0.6707 -11.0125
 2003  5 13 18  1.5393 -3.1689
 2003  5 13 19  1.6625  3.8906
 2003  5 13 20  3.8829 11.0986
 2003  5 13 21  6.2112 17.6287
 2003  5 13 22  4.5206 21.9682
 2003  5 13 23 -0.8697 19.7678
 2003  5 14  0 -0.9091 16.2422
 2003  5 14  1 -1.8047  9.8991
 2003  5 14  2 -3.5575  2.3478
 2003  5 14  3 -5.7661 -4.0233
 2003  5 14  4 -5.0675 -6.0253
 2003  5 14  5 -5.4006 -9.3216
 2003  5 14  6 -4.4028 -8.0168
 2003  5 14  7 -0.9179 -5.6514
 2003  5 14  8  0.5733  2.6986
 2003  5 14  9  2.0696  5.4603
 2003  5 14 10  2.0699  8.0275
 2003  5 14 11  4.0343  7.5307
 2003  5 14 12  2.4382  3.9608
 2003  5 14 13  2.7692 -1.9279
 2003  5 14 14  1.9530 -6.0613
 2003  5 14 15  3.5491 -7.7897
 2003  5 14 16  3.7976 -7.1238
 2003  5 14 17  2.4543 -2.0260
 2003  5 14 18 -1.1008  3.1551
 2003  5 14 19 -2.1751  7.8029
 2003  5 14 20 -0.7254 12.5993
 2003  5 14 21 -0.7219 16.9086
 2003  5 14 22 -3.0121 17.9129
 2003  5 14 23 -2.0470 18.2277
 2003  5 15  0 -0.5651 11.1830
 2003  5 15  1  0.8283  1.6163
 2003  5 15  2  1.8053 -5.0872
 2003  5 15  3  2.1879 -14.2721
 2003  5 15  4  6.1616 -15.9876
 2003  5 15  5  6.6955 -13.5760
 2003  5 15  6  3.6534 -14.9220
 2003  5 15  7  5.9003 -12.8260
 2003  5 15  8  8.1399 -8.7980
 2003  5 15  9  7.7357  5.1364
 2003  5 15 10  7.2419  9.3240
 2003  5 15 11  5.7678 14.1001
 2003  5 15 12  6.1026 13.1557
 2003  5 15 13  0.5515  9.7997
 2003  5 15 14 -6.2938  4.4734
 2003  5 15 15 -10.6702 -3.2378
 2003  5 15 16 -10.4095 -12.4153
 2003  5 15 17 -12.6909 -13.2960
 2003  5 15 18 -18.4568 -10.7586
 2003  5 15 19 -17.9898 -6.1490
 2003  5 15 20 -20.3809 -3.2344
 2003  5 15 21 -15.9712 -0.0540
 2003  5 15 22 -11.7323 -3.0957
 2003  5 15 23 -5.4984 -2.5492
 2003  5 16  0  1.0981 -5.8788
 2003  5 16  1  6.0240 -8.8180
 2003  5 16  2 10.2086 -10.4199
 2003  5 16  3  9.2622 -12.0557
 2003  5 16  4 14.6293 -11.9799
 2003  5 16  5 16.5356 -6.0638
 2003  5 16  6  9.0557 -0.1097
 2003  5 16  7  2.0880  3.3198
 2003  5 16  8 -2.7308  9.7814
 2003  5 16  9 -13.1545 10.6125
 2003  5 16 10 -16.6836 11.6923
 2003  5 16 11 -18.2604  9.8316
 2003  5 16 12 -19.7996  4.2281
 2003  5 16 13 -16.5645 -2.1501
 2003  5 16 14 -11.9261 -9.6637
 2003  5 16 15 -6.2127 -19.5614
 2003  5 16 16 -3.0406 -21.7683
 2003  5 16 17  1.4468 -18.7135
 2003  5 16 18  1.5196 -11.3876
 2003  5 16 19  1.8710 -7.5993
 2003  5 16 20 -0.3597 -1.7250
 2003  5 16 21 -3.7343  5.4673
 2003  5 16 22 -8.3106 12.9019
 2003  5 16 23 -7.9073 14.6107
 2003  5 17  0 -7.6626 14.3195
 2003  5 17  1 -9.2129 11.2165
 2003  5 17  2 -9.6543  6.3784
 2003  5 17  3 -5.9294 -0.9396
 2003  5 17  4 -7.2003 -8.6173
 2003  5 17  5 -3.5189 -13.8084
 2003  5 17  6 -0.7124 -18.3538
 2003  5 17  7  0.8695 -16.6700
 2003  5 17  8  1.0810 -14.1846
 2003  5 17  9  2.4830 -11.1845
 2003  5 17 10  4.0091 -4.4662
 2003  5 17 11  3.4964  0.9458
 2003  5 17 12  2.5293  3.8042
 2003  5 17 13  2.3787  4.9953
 2003  5 17 14  1.2332  0.3307
 2003  5 17 15  2.5540 -3.1148
 2003  5 17 16  2.1142 -5.8159
 2003  5 17 17  0.4057 -5.3737
 2003  5 17 18 -1.5145 -3.0946
 2003  5 17 19 -2.9657 -2.1087
 2003  5 17 20 -5.4312  1.5415
 2003  5 17 21 -7.8531  3.7467
 2003  5 17 22 -8.0281  4.8852
 2003  5 17 23 -3.0670  7.8428
 2003  5 18  0 -1.3397  8.6589
 2003  5 18  1 -2.1542 10.5942
 2003  5 18  2 -0.3549  7.2349
 2003  5 18  3  1.5070 -0.4107
 2003  5 18  4  1.2076 -5.0135
 2003  5 18  5  1.1160 -8.5200
 2003  5 18  6  0.8810 -9.6417
 2003  5 18  7  1.0608 -11.2680
 2003  5 18  8  1.4491 -10.7572
 2003  5 18  9 -0.6673 -5.3702
 2003  5 18 10 -1.3486 -1.6632
 2003  5 18 11 -3.0575  2.2047
 2003  5 18 12 -4.0355  2.8767
 2003  5 18 13 -5.4770  2.0182
 2003  5 18 14 -6.0417 -0.3743
 2003  5 18 15 -3.7683 -4.9654
 2003  5 18 16 -1.5739 -8.9775
 2003  5 18 17 -0.1012 -9.4706
 2003  5 18 18  0.3899 -10.8129
 2003  5 18 19  2.5271 -8.0754
 2003  5 18 20  6.3943 -4.2360
 2003  5 18 21  3.7825  1.6952
 2003  5 18 22  3.6519  7.6088
 2003  5 18 23  3.8836 13.8186
 2003  5 19  0  1.3635 17.6519
 2003  5 19  1 -2.1097 21.2711
 2003  5 19  2 -0.7546 19.3835
 2003  5 19  3 -2.9389 15.3221
 2003  5 19  4 -7.3208  9.9052
 2003  5 19  5 -6.8803  2.8563
 2003  5 19  6 -5.3979 -4.7965
 2003  5 19  7 -4.9708 -11.7899
 2003  5 19  8 -5.0985 -16.3549
 2003  5 19  9 -1.6286 -16.0557
 2003  5 19 10  1.1745 -12.5902
 2003  5 19 11  4.9615 -6.7628
 2003  5 19 12  4.3236 -2.3373
 2003  5 19 13  5.2936  1.0091
 2003  5 19 14  2.4005  2.8575
 2003  5 19 15  2.8272  1.5225
 2003  5 19 16  3.3872 -0.0881
 2003  5 19 17  4.2558 -1.1052
 2003  5 19 18  1.4637 -2.8533
 2003  5 19 19  2.1864 -2.0401
 2003  5 19 20  0.7775 -1.1926
 2003  5 19 21  0.1150  1.5202
 2003  5 19 22  1.5723  4.7224
 2003  5 19 23  0.7005  8.5022
 2003  5 20  0 -0.7238 13.2449
 2003  5 20  1 -2.4683 13.7281
 2003  5 20  2 -4.5387 11.0921
 2003  5 20  3 -1.5611  6.8955
 2003  5 20  4 -1.3659  6.1041
 2003  5 20  5 -1.3957 -0.2963
 2003  5 20  6 -1.7341 -7.5415
 2003  5 20  7  0.2128 -11.3023
 2003  5 20  8  4.0351 -12.2719
 2003  5 20  9  3.6499 -10.9621
 2003  5 20 10  5.2375 -9.6927
 2003  5 20 11  5.5148 -6.9741
 2003  5 20 12  4.5088 -2.2056
 2003  5 20 13  1.8292 -0.7139
 2003  5 20 14  0.5078  2.1904
 2003  5 20 15 -1.7191  2.9279
 2003  5 20 16 -3.9467  0.6558
 2003  5 20 17 -6.5319 -2.5164
 2003  5 20 18 -4.0873 -3.0257
 2003  5 20 19 -4.6863 -4.4686
 2003  5 20 20 -2.0250 -3.2881
 2003  5 20 21 -0.4687 -1.2151
 2003  5 20 22  5.2437 -3.0895
 2003  5 20 23  6.3546 -3.6027
 2003  5 21  0  8.4023  2.2362
 2003  5 21  1 11.2050  4.7427
 2003  5 21  2  7.8472 16.6949
 2003  5 21  3  7.7357 19.6476
 2003  5 21  4  3.9318 21.6708
 2003  5 21  5 -3.5507 22.4896
 2003  5 21  6 -14.0378 11.6285
 2003  5 21  7 -19.6232 -1.2546
 2003  5 21  8 -20.7290 -14.4329
 2003  5 21  9 -18.9286 -26.4702
 2003  5 21 10 -14.0714 -34.9227
 2003  5 21 11 -6.5437 -40.0352
 2003  5 21 12 -4.4209 -40.4983
 2003  5 21 13  0.0133 -41.6163
 2003  5 21 14  1.0248 -44.9567
 2003  5 21 15  5.2221 -38.4428
 2003  5 21 16  2.9895 -31.0358
 2003  5 21 17  1.4891 -23.2578
 2003  5 21 18 -3.4858 -18.9556
 2003  5 21 19 -9.4725 -20.4977
 2003  5 21 20 -8.1615 -21.0056
 2003  5 21 21 -8.1992 -18.4416
 2003  5 21 22 -9.2609 -15.8509
 2003  5 21 23 -4.0180 -9.0381
 2003  5 22  0 -7.9742 -5.8792
 2003  5 22  1 -13.3344 -2.1425
 2003  5 22  2 -21.0633  0.1098
 2003  5 22  3 -25.3560 -0.7388
 2003  5 22  4 -24.8189 -5.5389
 2003  5 22  5 -26.7153 -9.5926
 2003  5 22  6 -23.4874 -19.5557
 2003  5 22  7 -20.3270 -19.2488
 2003  5 22  8 -19.1693 -23.1212
 2003  5 22  9 -16.8982 -23.2376
 2003  5 22 10 -14.5456 -27.8779
 2003  5 22 11 -8.9766 -30.9672
 2003  5 22 12 -4.7497 -31.4282
 2003  5 22 13  3.1465 -28.1610
 2003  5 22 14  9.8494 -20.5880
 2003  5 22 15 16.0471 -9.5071
 2003  5 22 16 10.5256  3.9509
 2003  5 22 17  5.8461 11.3594
 2003  5 22 18  0.1266 15.8990
 2003  5 22 19 -10.7732 15.2113
 2003  5 22 20 -22.6618  7.8874
 2003  5 22 21 -25.6820  4.1549
 2003  5 22 22 -26.2644 -0.7777
 2003  5 22 23 -25.9637 -8.7149
 2003  5 23  0 -23.8009 -14.9475
 2003  5 23  1 -21.3634 -15.5634
 2003  5 23  2 -17.8117 -15.5642
 2003  5 23  3 -12.3072 -15.6455
 2003  5 23  4 -11.0602 -15.6875
 2003  5 23  5 -4.6636 -12.3298
 2003  5 23  6 -0.2283 -14.1021
 2003  5 23  7  2.6457 -13.2937
 2003  5 23  8  6.1898 -12.3851
 2003  5 23  9  9.9613 -11.6534
 2003  5 23 10 12.8015 -14.5041
 2003  5 23 11 11.1078 -11.7845
 2003  5 23 12  8.8943 -11.4720
 2003  5 23 13  6.8002 -9.6962
 2003  5 23 14  7.3164 -8.7673
 2003  5 23 15  5.0698 -6.7662
 2003  5 23 16  3.3558 -5.0590
 2003  5 23 17  2.5448 -3.3142
 2003  5 23 18  0.0150  1.1946
 2003  5 23 19 -0.8542 -0.3554
 2003  5 23 20 -0.1651  0.2295
 2003  5 23 21  0.2389  0.3828
 2003  5 23 22 -2.4927  0.6784
 2003  5 23 23 -1.5661 -2.4917
 2003  5 24  0 -1.6698 -7.3707
 2003  5 24  1  5.3715 -11.2077
 2003  5 24  2  3.5439 -6.6965
 2003  5 24  3  5.3544 -4.7852
 2003  5 24  4  4.3643 -1.7195
 2003  5 24  5  5.6464  0.5319
 2003  5 24  6  5.2528  2.4250
 2003  5 24  7  5.2855  3.3739
 2003  5 24  8  3.4683  2.5183
 2003  5 24  9  0.7516  0.1207
 2003  5 24 10  0.1860 -2.9703
 2003  5 24 11  0.9625 -6.1981
 2003  5 24 12  0.5865 -10.7997
 2003  5 24 13 -1.5563 -12.9487
 2003  5 24 14 -4.4514 -12.5521
 2003  5 24 15 -10.6871 -14.8477
 2003  5 24 16 -10.8832 -15.3966
 2003  5 24 17 -7.7421 -11.1986
 2003  5 24 18 -3.3847 -8.5256
 2003  5 24 19 -0.7394 -5.0406
 2003  5 24 20  3.0743 -5.1928
 2003  5 24 21  8.4101 -2.9055
 2003  5 24 22  9.8493  0.7700
 2003  5 24 23 10.0862  5.4458
 2003  5 25  0  5.8091  6.5869
 2003  5 25  1  0.2034  7.2730
 2003  5 25  2 -4.5801  6.0654
 2003  5 25  3 -4.4533  2.5771
 2003  5 25  4 -7.5033  2.2873
 2003  5 25  5 -9.3184  5.1139
 2003  5 25  6 -11.2206  2.4588
 2003  5 25  7 -11.7490 -0.0191
 2003  5 25  8 -9.0807 -2.0731
 2003  5 25  9 -6.5364 -8.6514
 2003  5 25 10 -4.5130 -11.5377
 2003  5 25 11  1.0373 -15.9966
 2003  5 25 12  2.8154 -16.6249
 2003  5 25 13  0.0160 -17.5560
 2003  5 25 14  1.6553 -15.7991
 2003  5 25 15  1.1994 -15.3671
 2003  5 25 16  1.9306 -9.9287
 2003  5 25 17  2.0156 -3.2195
 2003  5 25 18 -1.8193  4.2595
 2003  5 25 19 -3.4232  7.5374
 2003  5 25 20 -5.4392  9.8862
 2003  5 25 21 -6.4908 12.2088
 2003  5 25 22 -5.8708 10.7081
 2003  5 25 23 -9.2882  6.7773
 2003  5 26  0 -8.9842  4.7704
 2003  5 26  1 -12.8261 -4.6144
 2003  5 26  2 -11.5758 -8.9193
 2003  5 26  3 -10.6844 -10.7829
 2003  5 26  4 -7.6145 -13.9378
 2003  5 26  5 -3.9385 -12.0604
 2003  5 26  6 -5.9005 -9.7190
 2003  5 26  7 -1.4787 -8.3346
 2003  5 26  8  0.5301 -3.9117
 2003  5 26  9  2.6340 -4.6565
 2003  5 26 10  3.0501 -5.1387
 2003  5 26 11  3.8356 -5.9230
 2003  5 26 12  1.4807 -3.5594
 2003  5 26 13 -0.7198 -2.1860
 2003  5 26 14 -5.4386 -4.0989
 2003  5 26 15 -7.9764 -5.5463
 2003  5 26 16 -9.5892 -8.2179
 2003  5 26 17 -11.9240 -8.2596
 2003  5 26 18 -12.0420 -5.6172
 2003  5 26 19 -13.7542 -2.6473
 2003  5 26 20 -11.6177 -0.8655
 2003  5 26 21 -7.7855  1.4358
 2003  5 26 22 -5.3185  2.4777
 2003  5 26 23 -2.8479 -0.5831
 2003  5 27  0 -0.7545 -4.2191
 2003  5 27  1  1.4791 -7.9217
 2003  5 27  2  2.0467 -8.6922
 2003  5 27  3  3.3994 -7.2941
 2003  5 27  4  1.6930 -2.8840
 2003  5 27  5 -2.8562  3.6311
 2003  5 27  6 -8.4655  9.2509
 2003  5 27  7 -10.9336  9.2942
 2003  5 27  8 -12.2257  3.8326
 2003  5 27  9 -15.2282  2.9199
 2003  5 27 10 -14.3909 -5.0145
 2003  5 27 11 -12.0109 -11.1746
 2003  5 27 12 -7.2949 -15.6349
 2003  5 27 13 -6.5135 -17.6261
 2003  5 27 14 -1.8916 -23.4889
 2003  5 27 15  2.5655 -22.4987
 2003  5 27 16  6.1869 -17.2467
 2003  5 27 17  7.9643 -8.8896
 2003  5 27 18  4.4182  1.0420
 2003  5 27 19  0.4489  5.6071
 2003  5 27 20  1.0266  6.8372
 2003  5 27 21 -3.0751  7.0644
 2003  5 27 22 -4.7125  7.1872
 2003  5 27 23 -4.2505  2.3714
 2003  5 28  0 -1.7724 -2.9708
 2003  5 28  1 -2.2999 -8.5583
 2003  5 28  2 -2.5653 -14.1790
 2003  5 28  3 -5.6883 -19.3961
 2003  5 28  4 -4.8547 -21.5970
 2003  5 28  5 -2.9484 -19.2490
 2003  5 28  6 -7.0587 -15.9627
 2003  5 28  7 -6.0650 -17.3366
 2003  5 28  8 -2.8962 -14.7346
 2003  5 28  9 -5.5395 -13.6068
 2003  5 28 10 -6.2992 -15.1381
 2003  5 28 11 -4.5649 -17.5985
 2003  5 28 12  1.3790 -13.4005
 2003  5 28 13  0.9624 -13.0705
 2003  5 28 14  0.2606 -16.6687
 2003  5 28 15  0.2830 -17.0033
 2003  5 28 16  1.3309 -15.8958
 2003  5 28 17  0.2827 -12.2864
 2003  5 28 18 -1.4488 -8.9366
 2003  5 28 19 -4.1965 -3.7470
 2003  5 28 20 -4.8983  0.4226
 2003  5 28 21 -5.7111  7.0183
 2003  5 28 22 -7.3281 10.8717
 2003  5 28 23 -11.2512 10.4399
 2003  5 29  0 -13.9703  2.4448
 2003  5 29  1 -13.8342 -8.2077
 2003  5 29  2 -9.9734 -25.3624
 2003  5 29  3 -4.8521 -34.8356
 2003  5 29  4  0.9864 -38.8496
 2003  5 29  5  4.2709 -31.4833
 2003  5 29  6  4.2510 -18.1218
 2003  5 29  7  1.6755 -11.0656
 2003  5 29  8  4.8999 -4.8668
 2003  5 29  9 -0.8826 -2.5877
 2003  5 29 10 -0.4017 -3.6937
 2003  5 29 11  2.7128  3.3607
 2003  5 29 12 -2.1414  8.5842
 2003  5 29 13 -8.1661  7.9160
 2003  5 29 14 -12.7325 -1.8140
 2003  5 29 15 -14.8028 -7.3133
 2003  5 29 16 -13.8221 -12.8273
 2003  5 29 17 -11.4951 -19.6666
 2003  5 29 18 -6.8232 -18.4107
 2003  5 29 19 -8.7995 -12.1122
 2003  5 29 20 -5.6732 -4.6102
 2003  5 29 21 -6.1045 -3.0987
 2003  5 29 22 -4.9714 -2.4120
 2003  5 29 23  1.4216 -7.5226
