% god. mj. dan. sat. NE  NW
 2003  4 27  0 -3.6607 -3.8009
 2003  4 27  1 -5.6349 -5.8754
 2003  4 27  2 -6.4218 -10.3872
 2003  4 27  3 -5.7974 -9.5669
 2003  4 27  4 -5.6484 -11.6263
 2003  4 27  5 -7.0642 -9.2841
 2003  4 27  6 -9.7950 -8.1737
 2003  4 27  7 -5.0742 -4.0800
 2003  4 27  8 -5.4252 -0.8496
 2003  4 27  9 -10.8107 -4.5969
 2003  4 27 10 -9.6935 -9.6339
 2003  4 27 11 -6.9453 -11.5048
 2003  4 27 12 -5.4454 -13.2156
 2003  4 27 13 -5.1870 -15.9875
 2003  4 27 14 -4.1581 -18.5953
 2003  4 27 15 -1.3893 -19.4797
 2003  4 27 16 -0.3485 -16.2220
 2003  4 27 17  0.5283 -12.0916
 2003  4 27 18 -1.8222 -7.1274
 2003  4 27 19 -0.3406  1.2932
 2003  4 27 20 -4.5482  5.8113
 2003  4 27 21 -5.6236  6.8619
 2003  4 27 22 -5.4006  3.9460
 2003  4 27 23 -3.3676  0.4208
 2003  4 28  0 -4.2061 -1.9063
 2003  4 28  1 -0.1153 -4.1528
 2003  4 28  2  2.9699 -7.2435
 2003  4 28  3  4.4378 -8.4261
 2003  4 28  4  2.3205 -6.5618
 2003  4 28  5 -0.1678 -5.0721
 2003  4 28  6 -1.9569 -3.6241
 2003  4 28  7 -3.5109  0.0105
 2003  4 28  8 -2.0720  4.0572
 2003  4 28  9 -3.2403  4.2263
 2003  4 28 10 -3.2217  2.9796
 2003  4 28 11 -2.1616 -1.2452
 2003  4 28 12 -1.5767 -4.0519
 2003  4 28 13 -3.0980 -6.6412
 2003  4 28 14 -0.6511 -11.0260
 2003  4 28 15  0.2620 -13.6888
 2003  4 28 16 -0.2993 -17.6548
 2003  4 28 17  1.0605 -13.5107
 2003  4 28 18  0.7601 -7.9277
 2003  4 28 19  0.3537 -2.9399
 2003  4 28 20 -1.9487  2.4217
 2003  4 28 21 -0.6349  8.5083
 2003  4 28 22 -0.5658 10.7517
 2003  4 28 23 -0.2692 11.0710
 2003  4 29  0 -1.1988  6.2752
 2003  4 29  1  0.6774 -0.1099
 2003  4 29  2  0.0027 -5.7859
 2003  4 29  3  0.4221 -11.2754
 2003  4 29  4  0.6188 -13.1220
 2003  4 29  5 -1.2871 -13.6837
 2003  4 29  6 -1.6088 -12.9285
 2003  4 29  7  1.3288 -9.8067
 2003  4 29  8  0.3008 -6.3910
 2003  4 29  9 -2.5219 -2.5336
 2003  4 29 10 -3.0494  1.2770
 2003  4 29 11 -2.4971  0.0534
 2003  4 29 12 -3.9057  0.0206
 2003  4 29 13 -5.8793  0.4968
 2003  4 29 14 -7.8622 -4.0132
 2003  4 29 15 -5.8744 -12.5592
 2003  4 29 16 -4.5781 -17.4117
 2003  4 29 17 -3.1224 -16.5510
 2003  4 29 18 -3.2633 -12.7141
 2003  4 29 19 -4.6187 -7.3082
 2003  4 29 20 -1.2971 -2.3654
 2003  4 29 21  3.4283  0.8930
 2003  4 29 22  6.9833  3.8398
 2003  4 29 23  9.6428  8.2623
 2003  4 30  0  5.0035  9.9266
 2003  4 30  1  1.6721  4.1545
 2003  4 30  2 -1.0924 -1.8954
 2003  4 30  3 -1.0483 -6.6823
 2003  4 30  4 -3.3654 -9.6990
 2003  4 30  5 -4.9009 -10.6412
 2003  4 30  6 -7.7144 -9.7148
 2003  4 30  7 -5.8595 -8.0918
 2003  4 30  8 -9.4217 -5.2858
 2003  4 30  9 -8.5703 -2.8413
 2003  4 30 10 -6.8584 -4.6672
 2003  4 30 11 -1.7658 -8.5766
 2003  4 30 12  1.1141 -11.0738
 2003  4 30 13  2.5651 -13.6269
 2003  4 30 14  7.5806 -16.7291
 2003  4 30 15  7.6008 -15.0288
 2003  4 30 16  8.6216 -16.4976
 2003  4 30 17  7.1647 -12.3035
 2003  4 30 18  9.1780 -6.5908
 2003  4 30 19  4.4696 -0.1539
 2003  4 30 20  3.6337  7.1258
 2003  4 30 21  0.6365 10.7432
 2003  4 30 22  0.4444 16.2823
 2003  4 30 23 -2.5698 23.3256
 2003  5  1  0 -9.4373 23.5419
 2003  5  1  1 -12.9323 17.4907
 2003  5  1  2 -13.6854  4.9750
 2003  5  1  3 -15.6028 -6.4533
 2003  5  1  4 -16.5246 -15.0058
 2003  5  1  5 -10.8303 -25.8713
 2003  5  1  6 -6.9490 -27.5683
 2003  5  1  7 -0.9916 -21.3880
 2003  5  1  8  5.0426 -20.0800
 2003  5  1  9  9.2731 -11.8575
 2003  5  1 10 13.3642 -5.3736
 2003  5  1 11 11.4032  0.1883
 2003  5  1 12  9.9918  3.8617
 2003  5  1 13  9.6939  4.8458
 2003  5  1 14  5.4060  0.3499
 2003  5  1 15  0.4247 -1.5056
 2003  5  1 16 -2.5632 -2.5369
 2003  5  1 17 -2.7146 -3.4105
 2003  5  1 18 -8.1197 -1.2011
 2003  5  1 19 -10.4499 -4.6637
 2003  5  1 20 -12.5297 -3.9097
 2003  5  1 21 -12.0444 -1.8918
 2003  5  1 22 -11.3227  2.1241
 2003  5  1 23 -9.4891 -1.0759
 2003  5  2  0 -6.2847 -1.0080
 2003  5  2  1  2.1627 -4.0289
 2003  5  2  2  1.8326 -2.9920
 2003  5  2  3  3.5809 -6.6502
 2003  5  2  4 10.0058 -10.7099
 2003  5  2  5  8.7973 -9.8198
 2003  5  2  6  5.8302 -10.4575
 2003  5  2  7  6.3884 -10.1687
 2003  5  2  8  3.1571 -4.6373
 2003  5  2  9  0.7870 -0.1536
 2003  5  2 10 -2.1975  5.0618
 2003  5  2 11 -4.9184  6.8247
 2003  5  2 12 -7.8464  4.8329
 2003  5  2 13 -9.1249 -0.8223
 2003  5  2 14 -10.1088 -5.3662
 2003  5  2 15 -8.2596 -12.7470
 2003  5  2 16 -6.3300 -16.3400
 2003  5  2 17 -5.3377 -20.7098
 2003  5  2 18 -2.2996 -23.1025
 2003  5  2 19  1.7224 -21.8200
 2003  5  2 20  5.9661 -16.5507
 2003  5  2 21  9.5945 -11.8856
 2003  5  2 22 11.5177 -2.7835
 2003  5  2 23 13.0981  4.2513
 2003  5  3  0  9.2427  8.0417
 2003  5  3  1  8.4876  7.8489
 2003  5  3  2  6.2393  9.0202
 2003  5  3  3  2.5837  8.8271
 2003  5  3  4 -5.7434  3.3503
 2003  5  3  5 -8.4398 -3.1176
 2003  5  3  6 -12.7478 -11.0197
 2003  5  3  7 -12.8347 -16.1527
 2003  5  3  8 -12.9820 -15.5563
 2003  5  3  9 -13.4388 -15.0687
 2003  5  3 10 -10.3708 -16.1081
 2003  5  3 11 -5.1714 -17.0032
 2003  5  3 12 -1.2160 -16.5100
 2003  5  3 13  5.1330 -18.2069
 2003  5  3 14 10.7855 -21.7429
 2003  5  3 15 15.0408 -24.2701
 2003  5  3 16 18.5636 -21.5467
 2003  5  3 17 15.8679 -12.9752
 2003  5  3 18 11.2539 -5.8612
 2003  5  3 19  7.3587 -1.8411
 2003  5  3 20  4.0418  2.5044
 2003  5  3 21 -0.7537  8.5015
 2003  5  3 22 -5.1706 11.1492
 2003  5  3 23 -8.8188 12.3163
 2003  5  4  0 -12.5666 11.3040
 2003  5  4  1 -15.5548  7.9236
 2003  5  4  2 -13.5583 -1.5176
 2003  5  4  3 -7.6432 -10.6262
 2003  5  4  4 -3.2855 -19.8662
 2003  5  4  5  1.6162 -28.5419
 2003  5  4  6  5.5564 -27.3824
 2003  5  4  7  9.1449 -27.0760
 2003  5  4  8 13.0016 -23.9633
 2003  5  4  9 15.3861 -15.4957
 2003  5  4 10 11.7503 -6.2427
 2003  5  4 11  8.2424  1.0942
 2003  5  4 12  5.9913  4.3675
 2003  5  4 13  1.4839  4.7021
 2003  5  4 14 -0.1581  3.6195
 2003  5  4 15 -2.5680  1.4641
 2003  5  4 16 -2.6070 -2.3214
 2003  5  4 17 -3.5001 -6.9641
 2003  5  4 18 -5.9686 -12.5449
 2003  5  4 19 -5.6480 -16.0169
 2003  5  4 20 -2.8823 -14.6152
 2003  5  4 21 -1.5218 -13.2292
 2003  5  4 22  2.5842 -9.6737
 2003  5  4 23  5.3924 -6.0992
 2003  5  5  0  7.8571 -2.1857
 2003  5  5  1 11.1437  0.1061
 2003  5  5  2 10.8695  4.7432
 2003  5  5  3  9.7894  4.6390
 2003  5  5  4  3.9797  3.9871
 2003  5  5  5  2.9454 -2.3215
 2003  5  5  6  0.5270 -4.9899
 2003  5  5  7 -1.4396 -7.0900
 2003  5  5  8 -4.1015 -10.0159
 2003  5  5  9 -6.1100 -10.2470
 2003  5  5 10 -5.9107 -9.1898
 2003  5  5 11 -5.7283 -10.3721
 2003  5  5 12 -2.4116 -6.8936
 2003  5  5 13  2.2122 -8.0852
 2003  5  5 14  3.7841 -6.5655
 2003  5  5 15  5.8724 -6.4059
 2003  5  5 16  6.0170 -12.0385
 2003  5  5 17  7.8340 -12.2859
 2003  5  5 18 11.5550 -11.8033
 2003  5  5 19 10.7166 -11.2556
 2003  5  5 20  9.5478 -6.4757
 2003  5  5 21  8.5897 -1.5678
 2003  5  5 22  5.7331  5.6272
 2003  5  5 23  1.9094 10.4823
 2003  5  6  0 -3.2510 14.2274
 2003  5  6  1 -5.2649 11.2754
 2003  5  6  2 -4.4946  7.6682
 2003  5  6  3 -4.2051  5.4018
 2003  5  6  4 -1.1232 -2.3024
 2003  5  6  5  0.4595 -5.9994
 2003  5  6  6  3.1008 -7.6994
 2003  5  6  7  1.9258 -14.0091
 2003  5  6  8  6.4246 -13.6636
 2003  5  6  9  6.4428 -12.0938
 2003  5  6 10  7.4208 -9.8947
 2003  5  6 11  6.4812 -8.4592
 2003  5  6 12  7.2412 -2.0493
 2003  5  6 13  5.0759  0.1392
 2003  5  6 14  5.3223 -2.3839
 2003  5  6 15  5.9874 -3.3033
 2003  5  6 16  5.4301 -4.8992
 2003  5  6 17  4.8864 -5.1663
 2003  5  6 18  4.0089 -7.7566
 2003  5  6 19  6.2784 -7.2279
 2003  5  6 20  4.3532 -6.7867
 2003  5  6 21  5.7326 -6.3711
 2003  5  6 22  6.5143 -2.6234
 2003  5  6 23  7.0480  0.3374
 2003  5  7  0  6.3969  4.1605
 2003  5  7  1  4.9048  4.4096
 2003  5  7  2  4.6176  4.2968
 2003  5  7  3  4.9876  3.7489
 2003  5  7  4  5.0377  2.7734
 2003  5  7  5  7.0443  1.4715
 2003  5  7  6  5.9050 -0.1759
 2003  5  7  7  4.5818 -3.4943
 2003  5  7  8  5.1658 -6.8969
 2003  5  7  9  7.0088 -10.2003
 2003  5  7 10  6.1301 -9.2799
 2003  5  7 11  5.1931 -8.4762
 2003  5  7 12  5.5931 -6.4737
 2003  5  7 13  4.3715 -5.3249
 2003  5  7 14  4.3903 -4.8446
 2003  5  7 15  4.6981 -6.1055
 2003  5  7 16  5.8871 -6.2098
 2003  5  7 17  6.7458 -7.4190
 2003  5  7 18  6.2639 -11.1127
 2003  5  7 19  9.2723 -12.3108
 2003  5  7 20 10.1866 -12.2047
 2003  5  7 21 11.2806 -8.1683
 2003  5  7 22  9.6751 -5.7120
 2003  5  7 23 10.0140 -1.6031
 2003  5  8  0  9.6831  2.5438
 2003  5  8  1 11.2049  4.5919
 2003  5  8  2 10.7746  5.7585
 2003  5  8  3  9.9048  6.5014
 2003  5  8  4  8.6666  6.9368
 2003  5  8  5  9.4231  5.1146
 2003  5  8  6  4.7739  1.6984
 2003  5  8  7  3.4002 -3.3674
 2003  5  8  8  3.6189 -9.8477
 2003  5  8  9  4.4552 -11.6330
 2003  5  8 10  4.3851 -16.2206
 2003  5  8 11  3.4412 -17.4373
 2003  5  8 12  2.1374 -19.0990
 2003  5  8 13  6.1146 -15.8332
 2003  5  8 14  7.0604 -14.9430
 2003  5  8 15  9.8232 -13.2897
 2003  5  8 16  9.1628 -9.5182
 2003  5  8 17 10.3018 -5.0671
 2003  5  8 18 10.8918 -0.9907
 2003  5  8 19  9.6351 -1.0614
 2003  5  8 20 11.3959  4.0791
 2003  5  8 21  7.7498  4.9930
 2003  5  8 22  3.4858  7.5194
 2003  5  8 23 -2.2476  5.0740
 2003  5  9  0 -1.7522  5.6419
 2003  5  9  1 -2.3703  2.3272
 2003  5  9  2 -5.6823  0.7591
 2003  5  9  3 -6.6461 -3.3541
 2003  5  9  4 -1.6520 -5.5958
 2003  5  9  5 -1.7289 -8.2669
 2003  5  9  6  0.5125 -6.5632
 2003  5  9  7  3.6778 -5.3768
 2003  5  9  8  5.5969 -8.5257
 2003  5  9  9  7.7354 -8.9686
 2003  5  9 10  8.4272 -10.8569
 2003  5  9 11  9.7263 -13.1848
 2003  5  9 12  8.8708 -11.4034
 2003  5  9 13  8.3750 -7.2438
 2003  5  9 14  5.2646 -4.0930
 2003  5  9 15  5.1445 -0.7088
 2003  5  9 16  3.5041  3.4675
 2003  5  9 17  1.2506  5.4867
 2003  5  9 18 -0.5872  4.1825
 2003  5  9 19 -3.2064  4.1998
 2003  5  9 20 -5.9908  1.2192
 2003  5  9 21 -4.6802 -0.9305
 2003  5  9 22 -1.5503 -3.2528
 2003  5  9 23 -1.4005 -5.4285
 2003  5 10  0  0.1256 -8.4996
 2003  5 10  1  2.2114 -7.5121
 2003  5 10  2  2.3313 -3.6353
 2003  5 10  3  4.6640 -0.8654
 2003  5 10  4  6.1266  0.6608
 2003  5 10  5  7.0291  3.5884
 2003  5 10  6  5.6751  3.5279
 2003  5 10  7  4.3661  4.1876
 2003  5 10  8  3.8778  5.2116
 2003  5 10  9  1.0100  5.3600
 2003  5 10 10  0.8600  1.3290
 2003  5 10 11 -1.7855 -2.0032
 2003  5 10 12 -3.7422 -7.5215
 2003  5 10 13 -3.8118 -10.7071
 2003  5 10 14 -5.8570 -11.6792
 2003  5 10 15 -5.1287 -11.8189
 2003  5 10 16 -4.0535 -8.7388
 2003  5 10 17 -4.1700 -5.2657
 2003  5 10 18 -0.5820 -3.3303
 2003  5 10 19  0.8912 -0.1177
 2003  5 10 20  3.3952  1.2166
 2003  5 10 21  6.2127  2.6624
 2003  5 10 22  5.8465  2.3187
 2003  5 10 23  5.7141  0.9451
 2003  5 11  0  5.6236  1.1761
 2003  5 11  1  5.2770  0.5947
 2003  5 11  2  4.0559  1.3870
 2003  5 11  3  2.7772  4.5822
 2003  5 11  4 -0.8497  4.2461
 2003  5 11  5 -5.8937  5.4676
 2003  5 11  6 -6.7335  5.4323
 2003  5 11  7 -7.3066  5.6460
 2003  5 11  8 -7.4033  1.6666
 2003  5 11  9 -4.8771 -1.8913
 2003  5 11 10 -2.2195 -6.1402
 2003  5 11 11  1.6396 -10.9286
 2003  5 11 12  3.8953 -12.2041
 2003  5 11 13  4.9490 -14.3119
 2003  5 11 14  6.1624 -11.2007
 2003  5 11 15  6.8308 -7.6100
 2003  5 11 16  6.9659 -3.5409
 2003  5 11 17  4.9185  3.5293
 2003  5 11 18  3.9037  8.3263
 2003  5 11 19  0.1339 13.3220
 2003  5 11 20 -3.7335 13.1367
 2003  5 11 21 -4.1168 13.5099
 2003  5 11 22 -3.5418 12.0745
 2003  5 11 23 -3.9084  8.6226
 2003  5 12  0 -6.1919  4.0096
 2003  5 12  1 -7.8691 -2.3145
 2003  5 12  2 -6.2946 -7.3878
 2003  5 12  3 -3.1980 -10.4712
 2003  5 12  4 -2.8614 -8.4400
 2003  5 12  5  0.8756 -4.1877
 2003  5 12  6  3.5568 -0.0977
 2003  5 12  7  4.2520  4.9263
 2003  5 12  8  2.8805 11.1930
 2003  5 12  9  2.6184 11.1166
 2003  5 12 10  0.5209  9.8458
 2003  5 12 11  1.3428  5.7869
 2003  5 12 12  0.7689  2.7874
 2003  5 12 13  0.0028 -2.0605
 2003  5 12 14 -1.1915 -5.9871
 2003  5 12 15 -4.3172 -6.3266
 2003  5 12 16 -5.5703 -4.7204
 2003  5 12 17 -5.9889 -3.3725
 2003  5 12 18 -3.9883  2.0103
 2003  5 12 19 -2.7225  7.4175
 2003  5 12 20 -1.6636  9.8860
 2003  5 12 21  0.0869 13.3045
 2003  5 12 22  0.4732 14.1415
 2003  5 12 23  3.6436 10.2782
 2003  5 13  0  3.3301  6.8274
 2003  5 13  1  3.5958  3.1466
 2003  5 13  2  2.9221 -0.4815
 2003  5 13  3  2.4386 -2.3712
 2003  5 13  4  2.8052 -2.6602
 2003  5 13  5  1.7036 -0.1628
 2003  5 13  6  1.1285  3.9176
 2003  5 13  7 -1.7132  7.9753
 2003  5 13  8 -1.9870  9.0307
 2003  5 13  9 -2.8583 10.1430
 2003  5 13 10 -2.7787 10.5330
 2003  5 13 11 -3.5959  6.2413
 2003  5 13 12 -1.3332  1.9005
 2003  5 13 13 -0.7600 -4.3965
 2003  5 13 14 -1.1339 -9.2122
 2003  5 13 15  0.1757 -11.3671
 2003  5 13 16 -1.2935 -9.6096
 2003  5 13 17 -1.5304 -6.1139
 2003  5 13 18 -2.0629 -1.6860
 2003  5 13 19 -2.0962  5.4247
 2003  5 13 20  2.0669 11.2401
 2003  5 13 21  2.6768 16.4031
 2003  5 13 22  2.5990 20.8815
 2003  5 13 23  3.2187 19.0389
 2003  5 14  0  0.7063 14.9332
 2003  5 14  1 -0.0681  8.6179
 2003  5 14  2 -2.2348  3.0170
 2003  5 14  3 -2.8555 -6.4552
 2003  5 14  4 -1.2008 -8.5484
 2003  5 14  5 -1.0846 -8.2371
 2003  5 14  6 -0.2786 -5.1618
 2003  5 14  7  1.2398  0.1869
 2003  5 14  8  2.1695  5.8278
 2003  5 14  9  1.3948  8.8933
 2003  5 14 10  0.8173  9.6712
 2003  5 14 11  1.5960  7.3541
 2003  5 14 12  1.2551  2.4503
 2003  5 14 13  2.8935 -0.5030
 2003  5 14 14  2.2565 -5.4706
 2003  5 14 15  5.3250 -8.7961
 2003  5 14 16  6.3349 -7.6395
 2003  5 14 17  3.8585 -1.5912
 2003  5 14 18  1.2142  2.5323
 2003  5 14 19 -1.4608  8.6622
 2003  5 14 20  1.3132 15.6640
 2003  5 14 21  1.2041 20.0594
 2003  5 14 22  1.6588 24.5375
 2003  5 14 23  2.5213 24.5542
 2003  5 15  0  1.7255 16.2950
 2003  5 15  1  0.0365 10.4140
 2003  5 15  2 -0.2483  2.7778
 2003  5 15  3 -1.6296 -3.2372
 2003  5 15  4  2.4405 -5.8838
 2003  5 15  5  1.4339 -8.2626
 2003  5 15  6  0.6984 -6.5276
 2003  5 15  7 -0.6107 -4.4463
 2003  5 15  8  0.2987  1.2388
 2003  5 15  9  1.5709  5.3082
 2003  5 15 10  0.3179  6.8880
 2003  5 15 11  0.0197  7.7478
 2003  5 15 12 -0.9748  5.2604
 2003  5 15 13 -2.5077  0.0151
 2003  5 15 14 -1.8683 -5.3024
 2003  5 15 15 -0.6708 -9.2736
 2003  5 15 16 -3.3685 -11.5655
 2003  5 15 17 -2.9870 -11.7270
 2003  5 15 18 -1.9045 -11.7242
 2003  5 15 19  0.1200 -2.4540
 2003  5 15 20 -0.4022  5.3038
 2003  5 15 21 -0.1103 13.5407
 2003  5 15 22 -1.6246 15.7120
 2003  5 15 23 -1.6249 18.7760
 2003  5 16  0 -0.6610 13.2442
 2003  5 16  1 -0.3341 10.2583
 2003  5 16  2  0.4401  5.4755
 2003  5 16  3  1.2693 -0.7720
 2003  5 16  4 -0.2413 -6.2497
 2003  5 16  5 -1.1659 -7.1854
 2003  5 16  6 -2.5116 -10.8947
 2003  5 16  7 -0.8496 -9.6069
 2003  5 16  8 -0.2698 -2.7938
 2003  5 16  9 -6.5564  6.9758
 2003  5 16 10 -8.6251  9.4378
 2003  5 16 11 -9.6176 10.3308
 2003  5 16 12 -10.2643  6.3436
 2003  5 16 13 -6.9937  2.7691
 2003  5 16 14 -4.5770 -3.1925
 2003  5 16 15 -4.6032 -8.1711
 2003  5 16 16 -3.1411 -14.7544
 2003  5 16 17 -0.8315 -13.0309
 2003  5 16 18  1.3943 -10.3596
 2003  5 16 19  1.7856 -4.9967
 2003  5 16 20  1.2527  0.9368
 2003  5 16 21  3.3973  6.7589
 2003  5 16 22  3.2912 13.7323
 2003  5 16 23  0.1712 20.7121
 2003  5 17  0  0.7600 21.8063
 2003  5 17  1 -0.4957 22.4189
 2003  5 17  2 -4.2908 14.7986
 2003  5 17  3 -6.6751  7.6605
 2003  5 17  4 -8.8708 -0.7447
 2003  5 17  5 -7.2903 -9.6251
 2003  5 17  6 -6.8742 -14.2496
 2003  5 17  7 -5.6715 -14.7175
 2003  5 17  8 -3.0134 -14.3057
 2003  5 17  9  0.8849 -12.7623
 2003  5 17 10  1.6341 -4.6290
 2003  5 17 11  1.5060  1.2440
 2003  5 17 12  1.7812  4.6414
 2003  5 17 13  0.9556  4.5946
 2003  5 17 14  1.6184  3.1308
 2003  5 17 15  2.3021 -1.4562
 2003  5 17 16  3.0690 -3.9897
 2003  5 17 17  0.9590 -2.7686
 2003  5 17 18 -1.9330 -3.0654
 2003  5 17 19 -3.4307 -3.1403
 2003  5 17 20 -3.7557 -0.0686
 2003  5 17 21 -4.4186  4.3272
 2003  5 17 22 -5.2803 10.3747
 2003  5 17 23 -3.5027 11.8327
 2003  5 18  0 -3.3610 11.3435
 2003  5 18  1 -3.1512 11.8238
 2003  5 18  2 -1.5260  6.0050
 2003  5 18  3  0.3380  0.0927
 2003  5 18  4  1.4423 -4.4701
 2003  5 18  5  0.7233 -7.6267
 2003  5 18  6  1.8572 -8.6348
 2003  5 18  7  2.2464 -10.7525
 2003  5 18  8  4.4453 -10.9230
 2003  5 18  9  2.6561 -4.4335
 2003  5 18 10  0.8071  1.2718
 2003  5 18 11 -0.1037  5.3624
 2003  5 18 12 -1.6962  5.7339
 2003  5 18 13 -3.7996  7.1049
 2003  5 18 14 -3.8191  5.1618
 2003  5 18 15 -3.1477 -0.5134
 2003  5 18 16 -2.8818 -5.2199
 2003  5 18 17 -2.6443 -8.8162
 2003  5 18 18 -2.7744 -9.9844
 2003  5 18 19  2.2691 -10.1818
 2003  5 18 20  3.5041 -5.8304
 2003  5 18 21  3.5779 -0.0796
 2003  5 18 22  5.2895  6.8576
 2003  5 18 23  6.0284 10.9395
 2003  5 19  0  4.3558 16.4026
 2003  5 19  1  2.2150 19.2767
 2003  5 19  2 -0.1130 18.7150
 2003  5 19  3 -3.6184 15.2077
 2003  5 19  4 -9.5010 10.5940
 2003  5 19  5 -8.7008  1.0566
 2003  5 19  6 -5.0218 -8.0209
 2003  5 19  7 -2.8669 -8.8148
 2003  5 19  8 -3.5604 -11.4809
 2003  5 19  9 -3.0889 -14.2955
 2003  5 19 10  1.3159 -12.4900
 2003  5 19 11  3.5688 -6.8149
 2003  5 19 12  4.8911 -5.4879
 2003  5 19 13  6.2114 -0.5181
 2003  5 19 14  5.3577 -0.3721
 2003  5 19 15  4.3196  1.6614
 2003  5 19 16  3.4126  0.7988
 2003  5 19 17  2.8283 -1.6689
 2003  5 19 18  2.9023 -0.4619
 2003  5 19 19  0.1212  0.1221
 2003  5 19 20  0.3839  1.8015
 2003  5 19 21  1.2364  3.9022
 2003  5 19 22 -1.0764  8.0357
 2003  5 19 23 -0.5460  7.9045
 2003  5 20  0 -2.1743 10.3798
 2003  5 20  1 -2.7699 10.8039
 2003  5 20  2 -2.5847 10.9925
 2003  5 20  3 -0.6498  5.6456
 2003  5 20  4 -3.0314  5.6438
 2003  5 20  5 -4.5330 -0.2907
 2003  5 20  6 -3.7085 -4.2296
 2003  5 20  7 -0.2677 -7.4125
 2003  5 20  8  1.8541 -8.8786
 2003  5 20  9  3.4553 -9.0394
 2003  5 20 10  6.1032 -6.1321
 2003  5 20 11  6.9808 -2.3011
 2003  5 20 12  3.4884 -0.3345
 2003  5 20 13  0.8450 -0.3806
 2003  5 20 14 -0.6362  0.1840
 2003  5 20 15 -1.2183  0.2786
 2003  5 20 16 -0.9484  0.8616
 2003  5 20 17 -1.7308  0.7056
 2003  5 20 18 -2.9279 -1.7249
 2003  5 20 19 -1.7780 -3.9623
 2003  5 20 20  0.6367 -4.5794
 2003  5 20 21  4.2023 -3.1725
 2003  5 20 22  4.5995 -0.3385
 2003  5 20 23  3.5658  1.6375
 2003  5 21  0  4.3261  3.8957
 2003  5 21  1  4.2124  4.5310
 2003  5 21  2  2.9816  7.4475
 2003  5 21  3  2.6281  6.7652
 2003  5 21  4  5.2799  5.2852
 2003  5 21  5  3.1754  7.0009
 2003  5 21  6 -2.4443  0.1355
 2003  5 21  7 -7.4859 -4.5863
 2003  5 21  8 -6.0916 -12.7595
 2003  5 21  9 -4.5032 -19.3357
 2003  5 21 10  0.6197 -19.3896
 2003  5 21 11  0.7251 -18.3850
 2003  5 21 12  0.4553 -16.0657
 2003  5 21 13  1.6569 -18.1411
 2003  5 21 14  3.1308 -23.1773
 2003  5 21 15  9.1537 -24.6323
 2003  5 21 16  4.4277 -16.0761
 2003  5 21 17  4.3840 -12.7583
 2003  5 21 18  4.3292 -10.7312
 2003  5 21 19  0.8325 -9.8353
 2003  5 21 20  1.3262 -13.6693
 2003  5 21 21 -2.0134 -17.0686
 2003  5 21 22 -4.4925 -16.3419
 2003  5 21 23 -3.1118 -11.6461
 2003  5 22  0 -6.4566 -6.4357
 2003  5 22  1 -11.9033 -1.5639
 2003  5 22  2 -17.3864  0.1567
 2003  5 22  3 -22.6684 -2.5681
 2003  5 22  4 -23.7724 -5.9860
 2003  5 22  5 -25.5777 -11.7576
 2003  5 22  6 -20.2799 -19.0903
 2003  5 22  7 -14.1594 -20.1336
 2003  5 22  8 -2.6868 -17.3527
 2003  5 22  9  1.5930 -16.9712
 2003  5 22 10  2.9477 -15.9782
 2003  5 22 11  1.1666 -25.4405
 2003  5 22 12  3.2772 -31.1862
 2003  5 22 13  9.7631 -32.0837
 2003  5 22 14 14.9152 -24.0861
 2003  5 22 15 18.0770 -10.7629
 2003  5 22 16 12.6942  1.3625
 2003  5 22 17  6.8448  9.0279
 2003  5 22 18  2.8497 13.3784
 2003  5 22 19 -6.6367 12.8513
 2003  5 22 20 -14.0787  6.2714
 2003  5 22 21 -17.2773  1.3386
 2003  5 22 22 -18.6440 -3.6403
 2003  5 22 23 -19.2955 -8.7833
 2003  5 23  0 -17.1265 -15.4302
 2003  5 23  1 -16.0841 -17.8097
 2003  5 23  2 -12.5452 -18.5300
 2003  5 23  3 -10.2554 -18.3323
 2003  5 23  4 -6.7216 -15.8058
 2003  5 23  5 -4.0859 -13.3460
 2003  5 23  6  1.4792 -12.4208
 2003  5 23  7  4.9212 -13.0762
 2003  5 23  8  8.2453 -14.4511
 2003  5 23  9 11.2601 -11.9335
 2003  5 23 10 13.2709 -12.9143
 2003  5 23 11 13.9843 -9.2011
 2003  5 23 12 10.0358 -9.0460
 2003  5 23 13  6.5032 -6.2528
 2003  5 23 14  4.9537 -5.3084
 2003  5 23 15  2.0592 -2.4538
 2003  5 23 16 -0.4793 -1.0759
 2003  5 23 17 -1.8299  0.0056
 2003  5 23 18 -3.8343  0.4333
 2003  5 23 19 -4.5513 -2.2223
 2003  5 23 20 -4.3719 -0.6116
 2003  5 23 21 -4.6820 -2.8337
 2003  5 23 22 -4.9348 -4.7906
 2003  5 23 23 -3.1064 -7.2718
 2003  5 24  0 -1.8352 -11.2374
 2003  5 24  1  3.3794 -10.7310
 2003  5 24  2  0.1747 -7.1029
 2003  5 24  3  5.0554 -7.2431
 2003  5 24  4  3.6090 -3.7820
 2003  5 24  5  4.5516 -3.1542
 2003  5 24  6  6.3752 -2.0937
 2003  5 24  7  6.6626  1.5384
 2003  5 24  8  5.5603  3.8685
 2003  5 24  9  4.8386  2.0081
 2003  5 24 10  3.6951  1.1049
 2003  5 24 11  2.4190 -1.8556
 2003  5 24 12 -0.5479 -6.6009
 2003  5 24 13 -4.3689 -8.8753
 2003  5 24 14 -8.6874 -12.0220
 2003  5 24 15 -12.9199 -18.1057
 2003  5 24 16 -9.6249 -19.2002
 2003  5 24 17 -3.3926 -15.3520
 2003  5 24 18  1.1111 -9.1112
 2003  5 24 19  0.9671 -6.8667
 2003  5 24 20  6.0437 -6.4267
 2003  5 24 21  7.0149 -3.4785
 2003  5 24 22  8.8547 -1.3947
 2003  5 24 23  7.9053  2.1666
 2003  5 25  0  5.9812  4.2133
 2003  5 25  1  3.3953  3.7847
 2003  5 25  2  0.5719  3.9298
 2003  5 25  3 -0.7991  2.8604
 2003  5 25  4 -4.8235  2.9412
 2003  5 25  5 -9.5549  6.0656
 2003  5 25  6 -11.5969  0.6921
 2003  5 25  7 -10.6220 -4.2313
 2003  5 25  8 -8.8338 -7.1798
 2003  5 25  9 -7.0022 -7.0491
 2003  5 25 10 -4.0617 -10.1472
 2003  5 25 11 -0.7604 -16.5227
 2003  5 25 12  0.2723 -18.3666
 2003  5 25 13  0.1493 -19.9930
 2003  5 25 14  2.4920 -19.6882
 2003  5 25 15  2.9646 -13.8396
 2003  5 25 16  3.0633 -8.8039
 2003  5 25 17  2.6154 -1.4897
 2003  5 25 18  0.1238  7.1303
 2003  5 25 19 -3.1988 10.9496
 2003  5 25 20 -5.6144 15.0178
 2003  5 25 21 -8.0924 15.8293
 2003  5 25 22 -9.6286 13.5894
 2003  5 25 23 -10.8133  9.8966
 2003  5 26  0 -11.5030  3.8956
 2003  5 26  1 -14.2989 -3.7233
 2003  5 26  2 -14.1120 -11.5624
 2003  5 26  3 -12.5407 -14.6189
 2003  5 26  4 -11.1832 -15.5358
 2003  5 26  5 -5.2133 -12.9535
 2003  5 26  6 -0.8468 -10.1401
 2003  5 26  7  1.4794 -6.9941
 2003  5 26  8  3.2601 -4.8248
 2003  5 26  9  3.5138 -2.8055
 2003  5 26 10  3.8581 -3.6840
 2003  5 26 11  3.1366 -3.4284
 2003  5 26 12  0.2925 -2.4688
 2003  5 26 13 -1.6668 -1.6143
 2003  5 26 14 -6.5844 -3.9359
 2003  5 26 15 -9.2449 -6.6301
 2003  5 26 16 -10.9931 -8.0597
 2003  5 26 17 -11.3476 -10.4316
 2003  5 26 18 -11.8928 -9.7316
 2003  5 26 19 -12.2318 -6.5097
 2003  5 26 20 -9.7628 -2.3672
 2003  5 26 21 -6.7284 -0.4986
 2003  5 26 22 -2.3656 -0.3877
 2003  5 26 23  1.0445 -1.8113
 2003  5 27  0  4.6362 -4.7811
 2003  5 27  1  5.8714 -6.9767
 2003  5 27  2  5.9676 -5.4388
 2003  5 27  3  3.1248 -3.2676
 2003  5 27  4 -0.2585 -1.8163
 2003  5 27  5 -6.5610  0.5988
 2003  5 27  6 -11.5208  7.2623
 2003  5 27  7 -13.5472  4.2218
 2003  5 27  8 -14.0006  0.3059
 2003  5 27  9 -13.3279 -5.4348
 2003  5 27 10 -13.1402 -8.5053
 2003  5 27 11 -10.7919 -12.1374
 2003  5 27 12 -8.1991 -16.9049
 2003  5 27 13 -4.9965 -19.9569
 2003  5 27 14  1.3312 -23.6670
 2003  5 27 15  4.2316 -24.1140
 2003  5 27 16  5.8525 -22.4356
 2003  5 27 17  6.9955 -15.3377
 2003  5 27 18  5.9924 -8.2279
 2003  5 27 19  6.3191 -3.1333
 2003  5 27 20  5.8955  0.3555
 2003  5 27 21  3.8487  5.7591
 2003  5 27 22 -0.4582  6.7508
 2003  5 27 23 -7.8888  3.2610
 2003  5 28  0 -8.3297 -2.4891
 2003  5 28  1 -2.4270 -9.9408
 2003  5 28  2 -0.5769 -16.0373
 2003  5 28  3 -3.8468 -19.6925
 2003  5 28  4 -4.1143 -18.5995
 2003  5 28  5 -2.0423 -20.1788
 2003  5 28  6 -1.7146 -17.2315
 2003  5 28  7  0.8141 -15.9706
 2003  5 28  8  2.7432 -13.5803
 2003  5 28  9  5.6648 -11.0305
 2003  5 28 10  7.4404 -7.3752
 2003  5 28 11  3.3370 -5.5974
 2003  5 28 12  2.4382 -5.7602
 2003  5 28 13  0.1605 -9.5296
 2003  5 28 14 -1.1602 -11.2931
 2003  5 28 15 -2.6352 -11.9199
 2003  5 28 16 -2.5523 -13.0955
 2003  5 28 17 -3.0920 -13.1970
 2003  5 28 18 -4.7586 -10.9700
 2003  5 28 19 -4.5069 -6.6951
 2003  5 28 20 -3.4836 -4.0884
 2003  5 28 21 -2.8730 -2.1276
 2003  5 28 22 -0.9679  2.4344
 2003  5 28 23  1.7981  1.5695
 2003  5 29  0  3.3305 -1.5801
 2003  5 29  1  4.6975 -3.3980
 2003  5 29  2  0.6794 -13.0185
 2003  5 29  3 -0.6505 -17.2766
 2003  5 29  4 -0.0483 -20.1302
 2003  5 29  5 -2.5783 -18.6524
 2003  5 29  6 -3.4599 -18.1858
 2003  5 29  7 -2.8499 -16.4713
 2003  5 29  8 -1.7425 -9.9674
 2003  5 29  9  1.2253 -9.9267
 2003  5 29 10  3.9725 -7.4288
 2003  5 29 11  4.0509 -6.1364
 2003  5 29 12  1.1669 -6.0733
 2003  5 29 13 -1.2010 -6.8335
 2003  5 29 14 -3.4307 -11.5371
 2003  5 29 15 -5.1554 -16.0036
 2003  5 29 16 -6.0881 -17.0759
 2003  5 29 17 -7.1532 -19.0883
 2003  5 29 18 -9.0512 -17.3327
 2003  5 29 19 -8.8978 -13.4919
 2003  5 29 20 -6.9704 -6.9333
 2003  5 29 21 -6.5353 -2.9006
 2003  5 29 22 -2.6672 -1.7505
 2003  5 29 23 -0.5214 -1.1441
