  1  0.0422282802
  2  0.0421002438
  3  0.0417176786
  4  0.0410851935
  5  0.0402103908
  6  0.0391037489
  7  0.0377784614
  8  0.0362502350
  9  0.0345370495
 10  0.0326588855
 11  0.0306374225
 12  0.0284957152
 13  0.0262578512
 14  0.0239485982
 15  0.0215930445
 16  0.0192162414
 17  0.0168428514
 18  0.0144968093
 19  0.0122010007
 20  0.0099769643
 21  0.0078446211
 22  0.0058220356
 23  0.0039252125
 24  0.0021679299
 25  0.0005616136
 26 -0.0008847490
 27 -0.0021646525
 28 -0.0032740779
 29 -0.0042114549
 30 -0.0049775882
 31 -0.0055755471
 32 -0.0060105225
 33 -0.0062896552
 34 -0.0064218387
 35 -0.0064175011
 36 -0.0062883713
 37 -0.0060472327
 38 -0.0057076710
 39 -0.0052838190
 40 -0.0047901045
 41 -0.0042410052
 42 -0.0036508139
 43 -0.0030334188
 44 -0.0024021024
 45 -0.0017693602
 46 -0.0011467432
 47 -0.0005447254
 48  0.0000274027
 49  0.0005616136
